2

10.0	10.0	0.32
50	0	0.25
2

10.075186043761263	9.981203489059684	0.32
50	0	0.25
2

10.150372087522527	9.962406978119368	0.32
50	0	0.25
2

10.22555813128379	9.943610467179052	0.32
50	0	0.25
2

10.300744175045054	9.924813956238737	0.32
50	0	0.25
2

10.375930218806317	9.90601744529842	0.32
50	0	0.25
2

10.45111626256758	9.887220934358105	0.32
50	0	0.25
2

10.526302306328844	9.868424423417789	0.32
50	0	0.25
2

10.601488350090108	9.849627912477473	0.32
50	0	0.25
2

10.676674393851371	9.830831401537157	0.32
50	0	0.25
2

10.751860437612635	9.812034890596841	0.32
50	0	0.25
2

10.827046481373898	9.793238379656525	0.32
50	0	0.25
2

10.902232525135162	9.77444186871621	0.32
50	0	0.25
2

10.977418568896425	9.755645357775894	0.32
50	0	0.25
2

11.052604612657689	9.736848846835578	0.32
50	0	0.25
2

11.127790656418952	9.718052335895262	0.32
50	0	0.25
2

11.202976700180216	9.699255824954946	0.32
50	0	0.25
2

11.278162743941479	9.68045931401463	0.32
50	0	0.25
2

11.353348787702743	9.661662803074314	0.32
50	0	0.25
2

11.428534831464006	9.642866292133998	0.32
50	0	0.25
2

11.50372087522527	9.624069781193683	0.32
50	0	0.25
2

11.578906918986533	9.605273270253367	0.32
50	0	0.25
2

11.654092962747796	9.58647675931305	0.32
50	0	0.25
2

11.72927900650906	9.567680248372735	0.32
50	0	0.25
2

11.804465050270323	9.54888373743242	0.32
50	0	0.25
2

11.879651094031587	9.530087226492103	0.32
50	0	0.25
2

11.95483713779285	9.511290715551787	0.32
50	0	0.25
2

12.030023181554114	9.492494204611472	0.32
50	0	0.25
2

12.105209225315377	9.473697693671156	0.32
50	0	0.25
2

12.18039526907664	9.45490118273084	0.32
50	0	0.25
2

12.255581312837904	9.436104671790524	0.32
50	0	0.25
2

12.330767356599168	9.417308160850208	0.32
50	0	0.25
2

12.405953400360431	9.398511649909892	0.32
50	0	0.25
2

12.481139444121695	9.379715138969576	0.32
50	0	0.25
2

12.556325487882958	9.36091862802926	0.32
50	0	0.25
2

12.631511531644222	9.342122117088945	0.32
50	0	0.25
2

12.706697575405485	9.323325606148629	0.32
50	0	0.25
2

12.781883619166749	9.304529095208313	0.32
50	0	0.25
2

12.857069662928012	9.285732584267997	0.32
50	0	0.25
2

12.932255706689276	9.266936073327681	0.32
50	0	0.25
2

13.007441750450539	9.248139562387365	0.32
50	0	0.25
2

13.082627794211803	9.22934305144705	0.32
50	0	0.25
2

13.157813837973066	9.210546540506733	0.32
50	0	0.25
2

13.23299988173433	9.191750029566418	0.32
50	0	0.25
2

13.308185925495593	9.172953518626102	0.32
50	0	0.25
2

13.383371969256856	9.154157007685786	0.32
50	0	0.25
2

13.45855801301812	9.13536049674547	0.32
50	0	0.25
2

13.533744056779383	9.116563985805154	0.32
50	0	0.25
2

13.608930100540647	9.097767474864838	0.32
50	0	0.25
2

13.68411614430191	9.078970963924522	0.32
50	0	0.25
2

13.759302188063174	9.060174452984207	0.32
50	0	0.25
2

13.834488231824437	9.04137794204389	0.32
50	0	0.25
2

13.9096742755857	9.022581431103575	0.32
50	0	0.25
2

13.984860319346964	9.003784920163259	0.32
50	0	0.25
2

14.060046363108228	8.984988409222943	0.32
50	0	0.25
2

14.135232406869491	8.966191898282627	0.32
50	0	0.25
2

14.210418450630755	8.947395387342311	0.32
50	0	0.25
2

14.285604494392018	8.928598876401995	0.32
50	0	0.25
2

14.360790538153282	8.90980236546168	0.32
50	0	0.25
2

14.435976581914545	8.891005854521364	0.32
50	0	0.25
2

14.511162625675809	8.872209343581048	0.32
50	0	0.25
2

14.586348669437072	8.853412832640732	0.32
50	0	0.25
2

14.661534713198336	8.834616321700416	0.32
50	0	0.25
2

14.736720756959599	8.8158198107601	0.32
50	0	0.25
2

14.811906800720863	8.797023299819784	0.32
50	0	0.25
2

14.887092844482126	8.778226788879469	0.32
50	0	0.25
2

14.96227888824339	8.759430277939153	0.32
50	0	0.25
2

15.037464932004653	8.740633766998837	0.32
50	0	0.25
2

15.112650975765916	8.721837256058521	0.32
50	0	0.25
2

15.18783701952718	8.703040745118205	0.32
50	0	0.25
2

15.263023063288443	8.68424423417789	0.32
50	0	0.25
2

15.338209107049707	8.665447723237573	0.32
50	0	0.25
2

15.41339515081097	8.646651212297257	0.32
50	0	0.25
2

15.488581194572234	8.627854701356942	0.32
50	0	0.25
2

15.563767238333497	8.609058190416626	0.32
50	0	0.25
2

15.63895328209476	8.59026167947631	0.32
50	0	0.25
2

15.714139325856024	8.571465168535994	0.32
50	0	0.25
2

15.789325369617288	8.552668657595678	0.32
50	0	0.25
2

15.864511413378551	8.533872146655362	0.32
50	0	0.25
2

15.939697457139815	8.515075635715046	0.32
50	0	0.25
2

16.014883500901078	8.49627912477473	0.32
50	0	0.25
2

16.09006954466234	8.477482613834415	0.32
50	0	0.25
2

16.165255588423605	8.458686102894099	0.32
50	0	0.25
2

16.24044163218487	8.439889591953783	0.32
50	0	0.25
2

16.315627675946132	8.421093081013467	0.32
50	0	0.25
2

16.390813719707396	8.402296570073151	0.32
50	0	0.25
2

16.46599976346866	8.383500059132835	0.32
50	0	0.25
2

16.541185807229922	8.36470354819252	0.32
50	0	0.25
2

16.616371850991186	8.345907037252204	0.32
50	0	0.25
2

16.69155789475245	8.327110526311888	0.32
50	0	0.25
2

16.766743938513713	8.308314015371572	0.32
50	0	0.25
2

16.841929982274976	8.289517504431256	0.32
50	0	0.25
2

16.91711602603624	8.27072099349094	0.32
50	0	0.25
2

16.992302069797503	8.251924482550624	0.32
50	0	0.25
2

17.067488113558767	8.233127971610308	0.32
50	0	0.25
2

17.14267415732003	8.214331460669992	0.32
50	0	0.25
2

17.217860201081294	8.195534949729677	0.32
50	0	0.25
2

17.293046244842557	8.17673843878936	0.32
50	0	0.25
2

17.36823228860382	8.157941927849045	0.32
50	0	0.25
2

17.443418332365084	8.139145416908729	0.32
50	0	0.25
2

17.518604376126348	8.120348905968413	0.32
50	0	0.25
2

17.59379041988761	8.101552395028097	0.32
50	0	0.25
2

17.668976463648875	8.082755884087781	0.32
50	0	0.25
2

17.744162507410138	8.063959373147465	0.32
50	0	0.25
2

17.8193485511714	8.04516286220715	0.32
50	0	0.25
2

17.894534594932665	8.026366351266834	0.32
50	0	0.25
2

17.96972063869393	8.007569840326518	0.32
50	0	0.25
2

18.044906682455192	7.988773329386202	0.32
50	0	0.25
2

18.120092726216456	7.969976818445886	0.32
50	0	0.25
2

18.19527876997772	7.95118030750557	0.32
50	0	0.25
2

18.270464813738982	7.932383796565254	0.32
50	0	0.25
2

18.345650857500246	7.9135872856249385	0.32
50	0	0.25
2

18.42083690126151	7.894790774684623	0.32
50	0	0.25
2

18.496022945022773	7.875994263744307	0.32
50	0	0.25
2

18.571208988784036	7.857197752803991	0.32
50	0	0.25
2

18.6463950325453	7.838401241863675	0.32
50	0	0.25
2

18.721581076306563	7.819604730923359	0.32
50	0	0.25
2

18.796767120067827	7.800808219983043	0.32
50	0	0.25
2

18.87195316382909	7.782011709042727	0.32
50	0	0.25
2

18.947139207590354	7.763215198102412	0.32
50	0	0.25
2

19.022325251351617	7.744418687162096	0.32
50	0	0.25
2

19.09751129511288	7.72562217622178	0.32
50	0	0.25
2

19.172697338874144	7.706825665281464	0.32
50	0	0.25
2

19.247883382635408	7.688029154341148	0.32
50	0	0.25
2

19.32306942639667	7.669232643400832	0.32
50	0	0.25
2

19.398255470157935	7.650436132460516	0.32
50	0	0.25
2

19.473441513919198	7.6316396215202005	0.32
50	0	0.25
2

19.54862755768046	7.612843110579885	0.32
50	0	0.25
2

19.623813601441725	7.594046599639569	0.32
50	0	0.25
2

19.69899964520299	7.575250088699253	0.32
50	0	0.25
2

19.774185688964252	7.556453577758937	0.32
50	0	0.25
2

19.849371732725515	7.537657066818621	0.32
50	0	0.25
2

19.92455777648678	7.518860555878305	0.32
50	0	0.25
2

19.999743820248042	7.500064044937989	0.32
50	0	0.25
2

20.074929864009306	7.4812675339976735	0.32
50	0	0.25
2

20.15011590777057	7.462471023057358	0.32
50	0	0.25
2

20.225301951531833	7.443674512117042	0.32
50	0	0.25
2

20.300487995293096	7.424878001176726	0.32
50	0	0.25
2

20.37567403905436	7.40608149023641	0.32
50	0	0.25
2

20.450860082815623	7.387284979296094	0.32
50	0	0.25
2

20.526046126576887	7.368488468355778	0.32
50	0	0.25
2

20.60123217033815	7.349691957415462	0.32
50	0	0.25
2

20.676418214099414	7.330895446475147	0.32
50	0	0.25
2

20.751604257860677	7.312098935534831	0.32
50	0	0.25
2

20.82679030162194	7.293302424594515	0.32
50	0	0.25
2

20.901976345383204	7.274505913654199	0.32
50	0	0.25
2

20.977162389144468	7.255709402713883	0.32
50	0	0.25
2

21.05234843290573	7.236912891773567	0.32
50	0	0.25
2

21.127534476666995	7.218116380833251	0.32
50	0	0.25
2

21.202720520428258	7.1993198698929355	0.32
50	0	0.25
2

21.27790656418952	7.18052335895262	0.32
50	0	0.25
2

21.353092607950785	7.161726848012304	0.32
50	0	0.25
2

21.42827865171205	7.142930337071988	0.32
50	0	0.25
2

21.503464695473312	7.124133826131672	0.32
50	0	0.25
2

21.578650739234575	7.105337315191356	0.32
50	0	0.25
2

21.65383678299584	7.08654080425104	0.32
50	0	0.25
2

21.729022826757102	7.067744293310724	0.32
50	0	0.25
2

21.804208870518366	7.0489477823704085	0.32
50	0	0.25
2

21.87939491427963	7.030151271430093	0.32
50	0	0.25
2

21.954580958040893	7.011354760489777	0.32
50	0	0.25
2

22.029767001802156	6.992558249549461	0.32
50	0	0.25
2

22.10495304556342	6.973761738609145	0.32
50	0	0.25
2

22.180139089324683	6.954965227668829	0.32
50	0	0.25
2

22.255325133085947	6.936168716728513	0.32
50	0	0.25
2

22.33051117684721	6.9173722057881974	0.32
50	0	0.25
2

22.405697220608474	6.898575694847882	0.32
50	0	0.25
2

22.480883264369737	6.879779183907566	0.32
50	0	0.25
2

22.556069308131	6.86098267296725	0.32
50	0	0.25
2

22.631255351892264	6.842186162026934	0.32
50	0	0.25
2

22.706441395653528	6.823389651086618	0.32
50	0	0.25
2

22.78162743941479	6.804593140146302	0.32
50	0	0.25
2

22.856813483176055	6.785796629205986	0.32
50	0	0.25
2

22.931999526937318	6.7670001182656705	0.32
50	0	0.25
2

23.00718557069858	6.748203607325355	0.32
50	0	0.25
2

23.082371614459845	6.729407096385039	0.32
50	0	0.25
2

23.15755765822111	6.710610585444723	0.32
50	0	0.25
2

23.232743701982372	6.691814074504407	0.32
50	0	0.25
2

23.307929745743635	6.673017563564091	0.32
50	0	0.25
2

23.3831157895049	6.654221052623775	0.32
50	0	0.25
2

23.458301833266162	6.635424541683459	0.32
50	0	0.25
2

23.533487877027426	6.6166280307431435	0.32
50	0	0.25
2

23.60867392078869	6.597831519802828	0.32
50	0	0.25
2

23.683859964549953	6.579035008862512	0.32
50	0	0.25
2

23.759046008311216	6.560238497922196	0.32
50	0	0.25
2

23.83423205207248	6.54144198698188	0.32
50	0	0.25
2

23.909418095833743	6.522645476041564	0.32
50	0	0.25
2

23.984604139595007	6.503848965101248	0.32
50	0	0.25
2

24.05979018335627	6.4850524541609325	0.32
50	0	0.25
2

24.134976227117534	6.466255943220617	0.32
50	0	0.25
2

24.210162270878797	6.447459432280301	0.32
50	0	0.25
2

24.28534831464006	6.428662921339985	0.32
50	0	0.25
2

24.360534358401324	6.409866410399669	0.32
50	0	0.25
2

24.435720402162588	6.391069899459353	0.32
50	0	0.25
2

24.51090644592385	6.372273388519037	0.32
50	0	0.25
2

24.586092489685115	6.353476877578721	0.32
50	0	0.25
2

24.661278533446378	6.3346803666384055	0.32
50	0	0.25
2

24.73646457720764	6.31588385569809	0.32
50	0	0.25
2

24.811650620968905	6.297087344757774	0.32
50	0	0.25
2

24.88683666473017	6.278290833817458	0.32
50	0	0.25
2

24.962022708491432	6.259494322877142	0.32
50	0	0.25
2

25.037208752252695	6.240697811936826	0.32
50	0	0.25
2

25.11239479601396	6.22190130099651	0.32
50	0	0.25
2

25.187580839775222	6.203104790056194	0.32
50	0	0.25
2

25.262766883536486	6.1843082791158785	0.32
50	0	0.25
2

25.33795292729775	6.165511768175563	0.32
50	0	0.25
2

25.413138971059013	6.146715257235247	0.32
50	0	0.25
2

25.488325014820276	6.127918746294931	0.32
50	0	0.25
2

25.56351105858154	6.109122235354615	0.32
50	0	0.25
2

25.638697102342803	6.090325724414299	0.32
50	0	0.25
2

25.713883146104067	6.071529213473983	0.32
50	0	0.25
2

25.78906918986533	6.0527327025336675	0.32
50	0	0.25
2

25.864255233626594	6.033936191593352	0.32
50	0	0.25
2

25.939441277387857	6.015139680653036	0.32
50	0	0.25
2

26.01462732114912	5.99634316971272	0.32
50	0	0.25
2

26.089813364910384	5.977546658772404	0.32
50	0	0.25
2

26.164999408671648	5.958750147832088	0.32
50	0	0.25
2

26.24018545243291	5.939953636891772	0.32
50	0	0.25
2

26.315371496194174	5.921157125951456	0.32
50	0	0.25
2

26.390557539955438	5.9023606150111405	0.32
50	0	0.25
2

26.4657435837167	5.883564104070825	0.32
50	0	0.25
2

26.540929627477965	5.864767593130509	0.32
50	0	0.25
2

26.61611567123923	5.845971082190193	0.32
50	0	0.25
2

26.691301715000492	5.827174571249877	0.32
50	0	0.25
2

26.766487758761755	5.808378060309561	0.32
50	0	0.25
2

26.84167380252302	5.789581549369245	0.32
50	0	0.25
2

26.916859846284282	5.770785038428929	0.32
50	0	0.25
2

26.992045890045546	5.751988527488614	0.32
50	0	0.25
2

27.06723193380681	5.733192016548298	0.32
50	0	0.25
2

27.142417977568073	5.714395505607982	0.32
50	0	0.25
2

27.217604021329336	5.695598994667666	0.32
50	0	0.25
2

27.2927900650906	5.67680248372735	0.32
50	0	0.25
2

27.367976108851863	5.658005972787034	0.32
50	0	0.25
2

27.443162152613127	5.639209461846718	0.32
50	0	0.25
2

27.51834819637439	5.6204129509064025	0.32
50	0	0.25
2

27.593534240135654	5.601616439966087	0.32
50	0	0.25
2

27.668720283896917	5.582819929025771	0.32
50	0	0.25
2

27.74390632765818	5.564023418085455	0.32
50	0	0.25
2

27.819092371419444	5.545226907145139	0.32
50	0	0.25
2

27.894278415180707	5.526430396204823	0.32
50	0	0.25
2

27.96946445894197	5.507633885264507	0.32
50	0	0.25
2

28.044650502703234	5.488837374324191	0.32
50	0	0.25
2

28.119836546464498	5.4700408633838755	0.32
50	0	0.25
2

28.19502259022576	5.45124435244356	0.32
50	0	0.25
2

28.270208633987025	5.432447841503244	0.32
50	0	0.25
2

28.34539467774829	5.413651330562928	0.32
50	0	0.25
2

28.420580721509552	5.394854819622612	0.32
50	0	0.25
2

28.495766765270815	5.376058308682296	0.32
50	0	0.25
2

28.57095280903208	5.35726179774198	0.32
50	0	0.25
2

28.646138852793342	5.338465286801664	0.32
50	0	0.25
2

28.721324896554606	5.319668775861349	0.32
50	0	0.25
2

28.79651094031587	5.300872264921033	0.32
50	0	0.25
2

28.871696984077133	5.282075753980717	0.32
50	0	0.25
2

28.946883027838396	5.263279243040401	0.32
50	0	0.25
2

29.02206907159966	5.244482732100085	0.32
50	0	0.25
2

29.097255115360923	5.225686221159769	0.32
50	0	0.25
2

29.172441159122187	5.206889710219453	0.32
50	0	0.25
2

29.24762720288345	5.1880931992791375	0.32
50	0	0.25
2

29.322813246644714	5.169296688338822	0.32
50	0	0.25
2

29.397999290405977	5.150500177398506	0.32
50	0	0.25
2

29.47318533416724	5.13170366645819	0.32
50	0	0.25
2

29.548371377928504	5.112907155517874	0.32
50	0	0.25
2

29.623557421689767	5.094110644577558	0.32
50	0	0.25
2

29.69874346545103	5.075314133637242	0.32
50	0	0.25
2

29.773929509212294	5.056517622696926	0.32
50	0	0.25
2

29.849115552973558	5.0377211117566105	0.32
50	0	0.25
2

29.92430159673482	5.018924600816295	0.32
50	0	0.25
2

29.999487640496085	5.000128089875979	0.32
50	0	0.25
2

30.07467368425735	4.981331578935663	0.32
50	0	0.25
2

30.149859728018612	4.962535067995347	0.32
50	0	0.25
2

30.225045771779875	4.943738557055031	0.32
50	0	0.25
2

30.30023181554114	4.924942046114715	0.32
50	0	0.25
2

30.375417859302402	4.906145535174399	0.32
50	0	0.25
2

30.450603903063666	4.887349024234084	0.32
50	0	0.25
2

30.52578994682493	4.868552513293768	0.32
50	0	0.25
2

30.600975990586193	4.849756002353452	0.32
50	0	0.25
2

30.676162034347456	4.830959491413136	0.32
50	0	0.25
2

30.75134807810872	4.81216298047282	0.32
50	0	0.25
2

30.826534121869983	4.793366469532504	0.32
50	0	0.25
2

30.901720165631247	4.774569958592188	0.32
50	0	0.25
2

30.97690620939251	4.7557734476518725	0.32
50	0	0.25
2

31.052092253153774	4.736976936711557	0.32
50	0	0.25
2

31.127278296915037	4.718180425771241	0.32
50	0	0.25
2

31.2024643406763	4.699383914830925	0.32
50	0	0.25
2

31.277650384437564	4.680587403890609	0.32
50	0	0.25
2

31.352836428198827	4.661790892950293	0.32
50	0	0.25
2

31.42802247196009	4.642994382009977	0.32
50	0	0.25
2

31.503208515721354	4.624197871069661	0.32
50	0	0.25
2

31.578394559482618	4.6054013601293455	0.32
50	0	0.25
2

31.65358060324388	4.58660484918903	0.32
50	0	0.25
2

31.728766647005145	4.567808338248714	0.32
50	0	0.25
2

31.80395269076641	4.549011827308398	0.32
50	0	0.25
2

31.87913873452767	4.530215316368082	0.32
50	0	0.25
2

31.954324778288935	4.511418805427766	0.32
50	0	0.25
2

32.0295108220502	4.49262229448745	0.32
50	0	0.25
2

32.10469686581146	4.4738257835471344	0.32
50	0	0.25
2

32.179882909572726	4.455029272606819	0.32
50	0	0.25
2

32.25506895333399	4.436232761666503	0.32
50	0	0.25
2

32.33025499709525	4.417436250726187	0.32
50	0	0.25
2

32.405441040856516	4.398639739785871	0.32
50	0	0.25
2

32.48062708461778	4.379843228845555	0.32
50	0	0.25
2

32.55581312837904	4.361046717905239	0.32
50	0	0.25
2

32.63099917214031	4.342250206964923	0.32
50	0	0.25
2

32.70618521590157	4.3234536960246075	0.32
50	0	0.25
2

32.78137125966283	4.304657185084292	0.32
50	0	0.25
2

32.8565573034241	4.285860674143976	0.32
50	0	0.25
2

32.93174334718536	4.26706416320366	0.32
50	0	0.25
2

33.006929390946624	4.248267652263344	0.32
50	0	0.25
2

33.08211543470789	4.229471141323028	0.32
50	0	0.25
2

33.15730147846915	4.210674630382712	0.32
50	0	0.25
2

33.232487522230414	4.191878119442396	0.32
50	0	0.25
2

33.30767356599168	4.1730816085020805	0.32
50	0	0.25
2

33.38285960975294	4.154285097561765	0.32
50	0	0.25
2

33.458045653514205	4.135488586621449	0.32
50	0	0.25
2

33.53323169727547	4.116692075681133	0.32
50	0	0.25
2

33.60841774103673	4.097895564740817	0.32
50	0	0.25
2

33.683603784797995	4.079099053800501	0.32
50	0	0.25
2

33.75878982855926	4.060302542860185	0.32
50	0	0.25
2

33.83397587232052	4.0415060319198695	0.32
50	0	0.25
2

33.909161916081786	4.022709520979554	0.32
50	0	0.25
2

33.98434795984305	4.003913010039238	0.32
50	0	0.25
2

34.05953400360431	3.985116499098922	0.32
50	0	0.25
2

34.134720047365576	3.966319988158606	0.32
50	0	0.25
2

34.20990609112684	3.94752347721829	0.32
50	0	0.25
2

34.2850921348881	3.9287269662779742	0.32
50	0	0.25
2

34.36027817864937	3.9099304553376584	0.32
50	0	0.25
2

34.43546422241063	3.8911339443973425	0.32
50	0	0.25
2

34.51065026617189	3.8723374334570266	0.32
50	0	0.25
2

34.58583630993316	3.8535409225167108	0.32
50	0	0.25
2

34.66102235369442	3.834744411576395	0.32
50	0	0.25
2

34.736208397455684	3.815947900636079	0.32
50	0	0.25
2

34.81139444121695	3.797151389695763	0.32
50	0	0.25
2

34.88658048497821	3.7783548787554473	0.32
50	0	0.25
2

34.961766528739474	3.7595583678151314	0.32
50	0	0.25
2

35.03695257250074	3.7407618568748155	0.32
50	0	0.25
2

35.112138616262	3.7219653459344997	0.32
50	0	0.25
2

35.187324660023265	3.703168834994184	0.32
50	0	0.25
2

35.26251070378453	3.684372324053868	0.32
50	0	0.25
2

35.33769674754579	3.665575813113552	0.32
50	0	0.25
2

35.412882791307055	3.646779302173236	0.32
50	0	0.25
2

35.48806883506832	3.6279827912329203	0.32
50	0	0.25
2

35.56325487882958	3.6091862802926045	0.32
50	0	0.25
2

35.638440922590846	3.5903897693522886	0.32
50	0	0.25
2

35.71362696635211	3.5715932584119727	0.32
50	0	0.25
2

35.78881301011337	3.552796747471657	0.32
50	0	0.25
2

35.863999053874636	3.534000236531341	0.32
50	0	0.25
2

35.9391850976359	3.515203725591025	0.32
50	0	0.25
2

36.01437114139716	3.4964072146507092	0.32
50	0	0.25
2

36.08955718515843	3.4776107037103934	0.32
50	0	0.25
2

36.16474322891969	3.4588141927700775	0.32
50	0	0.25
2

36.23992927268095	3.4400176818297616	0.32
50	0	0.25
2

36.31511531644222	3.4212211708894458	0.32
50	0	0.25
2

36.39030136020348	3.40242465994913	0.32
50	0	0.25
2

36.465487403964744	3.383628149008814	0.32
50	0	0.25
2

36.54067344772601	3.364831638068498	0.32
50	0	0.25
2

36.61585949148727	3.3460351271281823	0.32
50	0	0.25
2

36.691045535248534	3.3272386161878664	0.32
50	0	0.25
2

36.7662315790098	3.3084421052475506	0.32
50	0	0.25
2

36.84141762277106	3.2896455943072347	0.32
50	0	0.25
2

36.916603666532325	3.270849083366919	0.32
50	0	0.25
2

36.99178971029359	3.252052572426603	0.32
50	0	0.25
2

37.06697575405485	3.233256061486287	0.32
50	0	0.25
2

37.142161797816115	3.214459550545971	0.32
50	0	0.25
2

37.21734784157738	3.1956630396056553	0.32
50	0	0.25
2

37.29253388533864	3.1768665286653395	0.32
50	0	0.25
2

37.367719929099906	3.1580700177250236	0.32
50	0	0.25
2

37.44290597286117	3.1392735067847077	0.32
50	0	0.25
2

37.51809201662243	3.120476995844392	0.32
50	0	0.25
2

37.593278060383696	3.101680484904076	0.32
50	0	0.25
2

37.66846410414496	3.08288397396376	0.32
50	0	0.25
2

37.74365014790622	3.0640874630234443	0.32
50	0	0.25
2

37.818836191667486	3.0452909520831284	0.32
50	0	0.25
2

37.89402223542875	3.0264944411428125	0.32
50	0	0.25
2

37.96920827919001	3.0076979302024967	0.32
50	0	0.25
2

38.04439432295128	2.988901419262181	0.32
50	0	0.25
2

38.11958036671254	2.970104908321865	0.32
50	0	0.25
2

38.194766410473804	2.951308397381549	0.32
50	0	0.25
2

38.26995245423507	2.932511886441233	0.32
50	0	0.25
2

38.34513849799633	2.9137153755009173	0.32
50	0	0.25
2

38.420324541757594	2.8949188645606014	0.32
50	0	0.25
2

38.49551058551886	2.8761223536202856	0.32
50	0	0.25
2

38.57069662928012	2.8573258426799697	0.32
50	0	0.25
2

38.645882673041385	2.838529331739654	0.32
50	0	0.25
2

38.72106871680265	2.819732820799338	0.32
50	0	0.25
2

38.79625476056391	2.800936309859022	0.32
50	0	0.25
2

38.871440804325175	2.782139798918706	0.32
50	0	0.25
2

38.94662684808644	2.7633432879783904	0.32
50	0	0.25
2

39.0218128918477	2.7445467770380745	0.32
50	0	0.25
2

39.096998935608966	2.7257502660977586	0.32
50	0	0.25
2

39.17218497937023	2.7069537551574427	0.32
50	0	0.25
2

39.24737102313149	2.688157244217127	0.32
50	0	0.25
2

39.322557066892756	2.669360733276811	0.32
50	0	0.25
2

39.39774311065402	2.650564222336495	0.32
50	0	0.25
2

39.47292915441528	2.6317677113961793	0.32
50	0	0.25
2

39.548115198176546	2.6129712004558634	0.32
50	0	0.25
2

39.62330124193781	2.5941746895155475	0.32
50	0	0.25
2

39.69848728569907	2.5753781785752317	0.32
50	0	0.25
2

39.77367332946034	2.556581667634916	0.32
50	0	0.25
2

39.8488593732216	2.5377851566946	0.32
50	0	0.25
2

39.924045416982864	2.518988645754284	0.32
50	0	0.25
2

39.99923146074413	2.500192134813968	0.32
50	0	0.25
2

40.07441750450539	2.4813956238736523	0.32
50	0	0.25
2

40.149603548266654	2.4625991129333364	0.32
50	0	0.25
2

40.22478959202792	2.4438026019930206	0.32
50	0	0.25
2

40.29997563578918	2.4250060910527047	0.32
50	0	0.25
2

40.375161679550445	2.406209580112389	0.32
50	0	0.25
2

40.45034772331171	2.387413069172073	0.32
50	0	0.25
2

40.52553376707297	2.368616558231757	0.32
50	0	0.25
2

40.600719810834235	2.3498200472914412	0.32
50	0	0.25
2

40.6759058545955	2.3310235363511254	0.32
50	0	0.25
2

40.75109189835676	2.3122270254108095	0.32
50	0	0.25
2

40.826277942118026	2.2934305144704936	0.32
50	0	0.25
2

40.90146398587929	2.2746340035301778	0.32
50	0	0.25
2

40.97665002964055	2.255837492589862	0.32
50	0	0.25
2

41.051836073401816	2.237040981649546	0.32
50	0	0.25
2

41.12702211716308	2.21824447070923	0.32
50	0	0.25
2

41.20220816092434	2.1994479597689143	0.32
50	0	0.25
2

41.277394204685606	2.1806514488285984	0.32
50	0	0.25
2

41.35258024844687	2.1618549378882825	0.32
50	0	0.25
2

41.42776629220813	2.1430584269479667	0.32
50	0	0.25
2

41.5029523359694	2.124261916007651	0.32
50	0	0.25
2

41.57813837973066	2.105465405067335	0.32
50	0	0.25
2

41.653324423491924	2.086668894127019	0.32
50	0	0.25
2

41.72851046725319	2.067872383186703	0.32
50	0	0.25
2

41.80369651101445	2.0490758722463873	0.32
50	0	0.25
2

41.878882554775714	2.0302793613060715	0.32
50	0	0.25
2

41.95406859853698	2.0114828503657556	0.32
50	0	0.25
2

42.02925464229824	1.9926863394254397	0.32
50	0	0.25
2

42.104440686059505	1.9738898284851238	0.32
50	0	0.25
2

42.17962672982077	1.955093317544808	0.32
50	0	0.25
2

42.25481277358203	1.936296806604492	0.32
50	0	0.25
2

42.329998817343295	1.9175002956641762	0.32
50	0	0.25
2

42.40518486110456	1.8987037847238604	0.32
50	0	0.25
2

42.48037090486582	1.8799072737835445	0.32
50	0	0.25
2

42.555556948627085	1.8611107628432286	0.32
50	0	0.25
2

42.63074299238835	1.8423142519029128	0.32
50	0	0.25
2

42.70592903614961	1.823517740962597	0.32
50	0	0.25
2

42.781115079910876	1.804721230022281	0.32
50	0	0.25
2

42.85630112367214	1.7859247190819652	0.32
50	0	0.25
2

42.9314871674334	1.7671282081416493	0.32
50	0	0.25
2

43.006673211194666	1.7483316972013334	0.32
50	0	0.25
2

43.08185925495593	1.7295351862610175	0.32
50	0	0.25
2

43.15704529871719	1.7107386753207017	0.32
50	0	0.25
2

43.23223134247846	1.6919421643803858	0.32
50	0	0.25
2

43.30741738623972	1.67314565344007	0.32
50	0	0.25
2

43.382603430000984	1.654349142499754	0.32
50	0	0.25
2

43.45778947376225	1.6355526315594382	0.32
50	0	0.25
2

43.53297551752351	1.6167561206191223	0.32
50	0	0.25
2

43.608161561284774	1.5979596096788065	0.32
50	0	0.25
2

43.68334760504604	1.5791630987384906	0.32
50	0	0.25
2

43.7585336488073	1.5603665877981747	0.32
50	0	0.25
2

43.833719692568565	1.5415700768578589	0.32
50	0	0.25
2

43.90890573632983	1.522773565917543	0.32
50	0	0.25
2

43.98409178009109	1.5039770549772271	0.32
50	0	0.25
2

44.059277823852355	1.4851805440369112	0.32
50	0	0.25
2

44.13446386761362	1.4663840330965954	0.32
50	0	0.25
2

44.20964991137488	1.4475875221562795	0.32
50	0	0.25
2

44.284835955136145	1.4287910112159636	0.32
50	0	0.25
2

44.36002199889741	1.4099945002756478	0.32
50	0	0.25
2

44.43520804265867	1.391197989335332	0.32
50	0	0.25
2

44.510394086419936	1.372401478395016	0.32
50	0	0.25
2

44.5855801301812	1.3536049674547002	0.32
50	0	0.25
2

44.66076617394246	1.3348084565143843	0.32
50	0	0.25
2

44.735952217703726	1.3160119455740684	0.32
50	0	0.25
2

44.81113826146499	1.2972154346337526	0.32
50	0	0.25
2

44.88632430522625	1.2784189236934367	0.32
50	0	0.25
2

44.96151034898752	1.2596224127531208	0.32
50	0	0.25
2

45.03669639274878	1.240825901812805	0.32
50	0	0.25
2

45.111882436510044	1.222029390872489	0.32
50	0	0.25
2

45.18706848027131	1.2032328799321732	0.32
50	0	0.25
2

45.26225452403257	1.1844363689918573	0.32
50	0	0.25
2

45.337440567793834	1.1656398580515415	0.32
50	0	0.25
2

45.4126266115551	1.1468433471112256	0.32
50	0	0.25
2

45.48781265531636	1.1280468361709097	0.32
50	0	0.25
2

45.562998699077625	1.1092503252305939	0.32
50	0	0.25
2

45.63818474283889	1.090453814290278	0.32
50	0	0.25
2

45.71337078660015	1.0716573033499621	0.32
50	0	0.25
2

45.788556830361415	1.0528607924096463	0.32
50	0	0.25
2

45.86374287412268	1.0340642814693304	0.32
50	0	0.25
2

45.93892891788394	1.0152677705290145	0.32
50	0	0.25
2

46.014114961645205	0.9964712595886988	0.32
50	0	0.25
2

46.08930100540647	0.977674748648383	0.32
50	0	0.25
2

46.16448704916773	0.9588782377080671	0.32
50	0	0.25
2

46.239673092928996	0.9400817267677514	0.32
50	0	0.25
2

46.31485913669026	0.9212852158274356	0.32
50	0	0.25
2

46.39004518045152	0.9024887048871197	0.32
50	0	0.25
2

46.465231224212786	0.8836921939468039	0.32
50	0	0.25
2

46.54041726797405	0.864895683006488	0.32
50	0	0.25
2

46.61560331173531	0.8460991720661721	0.32
50	0	0.25
2

46.69078935549658	0.8273026611258563	0.32
50	0	0.25
2

46.76597539925784	0.8085061501855404	0.32
50	0	0.25
2

46.841161443019104	0.7897096392452245	0.32
50	0	0.25
2

46.91634748678037	0.7709131283049087	0.32
50	0	0.25
2

46.99153353054163	0.7521166173645928	0.32
50	0	0.25
2

47.066719574302894	0.7333201064242769	0.32
50	0	0.25
2

47.14190561806416	0.714523595483961	0.32
50	0	0.25
2

47.21709166182542	0.6957270845436452	0.32
50	0	0.25
2

47.292277705586685	0.6769305736033293	0.32
50	0	0.25
2

47.36746374934795	0.6581340626630134	0.32
50	0	0.25
2

47.44264979310921	0.6393375517226976	0.32
50	0	0.25
2

47.517835836870475	0.6205410407823817	0.32
50	0	0.25
2

47.59302188063174	0.6017445298420658	0.32
50	0	0.25
2

47.668207924393	0.58294801890175	0.32
50	0	0.25
2

47.743393968154265	0.5641515079614341	0.32
50	0	0.25
2

47.81858001191553	0.5453549970211182	0.32
50	0	0.25
2

47.89376605567679	0.5265584860808024	0.32
50	0	0.25
2

47.968952099438056	0.5077619751404865	0.32
50	0	0.25
2

48.04413814319932	0.4889654642001707	0.32
50	0	0.25
2

48.11932418696058	0.47016895325985486	0.32
50	0	0.25
2

48.194510230721846	0.45137244231953905	0.32
50	0	0.25
2

48.26969627448311	0.43257593137922323	0.32
50	0	0.25
2

48.34488231824437	0.4137794204389074	0.32
50	0	0.25
2

48.42006836200564	0.3949829094985916	0.32
50	0	0.25
2

48.4952544057669	0.37618639855827574	0.32
50	0	0.25
2

48.570440449528164	0.35738988761795987	0.32
50	0	0.25
2

48.64562649328943	0.338593376677644	0.32
50	0	0.25
2

48.72081253705069	0.31979686573732813	0.32
50	0	0.25
2

48.72081253705069	0.39729686573732814	0.182
50	0	0.25
2

48.74867604005566	0.3886428703433974	0.214
50	0	0.25
2

48.79047129456312	0.3756618772525012	0.246
50	0	0.25
2

48.84619830057306	0.35835388646463967	0.278
50	0	0.25
2

48.915857058085486	0.33671889797981275	0.31000000000000005
50	0	0.25
2

48.989869487942435	0.31373172271468414	0.32
50	0	0.25
2

48.989869487942435	0.39123172271468415	0.182
50	0	0.25
2

49.01707659763427	0.3806941889328921	0.214
50	0	0.25
2

49.05788726217203	0.364887888260204	0.246
50	0	0.25
2

49.11230148155571	0.34381282069661995	0.278
50	0	0.25
2

49.18031925578531	0.31746898624213976	0.31000000000000005
50	0	0.25
2

49.25258814090425	0.28947866213425466	0.32
50	0	0.25
2

49.25258814090425	0.3669786621342547	0.182
50	0	0.25
2

49.27877797941493	0.3541194710721941	0.214
50	0	0.25
2

49.31806273718095	0.33483068447910325	0.246
50	0	0.25
2

49.370442414202316	0.3091123023549822	0.278
50	0	0.25
2

49.43591701047902	0.2769643246998309	0.31000000000000005
50	0	0.25
2

49.43591701047902	0.3544643246998309	0.182
50	0	0.25
2

49.460620891794164	0.33894064330806317	0.214
50	0	0.25
2

49.49767671376689	0.31565512122041167	0.246
50	0	0.25
2

49.547084476397195	0.2846077584368762	0.278
50	0	0.25
2

49.60884417968507	0.24579855495745673	0.31000000000000005
50	0	0.25
2

49.60884417968507	0.32329855495745674	0.182
50	0	0.25
2

49.63133332735696	0.30471079896115505	0.214
50	0	0.25
2

49.6650670488648	0.27682916496670246	0.246
50	0	0.25
2

49.71004534420858	0.23965365297409896	0.278
50	0	0.25
2

49.71004534420858	0.317153652974099	0.182
50	0	0.25
2

49.72973219542396	0.2956200902124552	0.214
50	0	0.25
2

49.75926247224703	0.2633197460699894	0.246
50	0	0.25
2

49.79863617467779	0.22025262054670192	0.278
50	0	0.25
2

49.79863617467779	0.29775262054670193	0.182
50	0	0.25
2

49.81498084655062	0.27358408444383386	0.214
50	0	0.25
2

49.83949785435986	0.23733128028953185	0.246
50	0	0.25
2

49.83949785435986	0.3148312802895319	0.182
50	0	0.25
2

49.85274943610196	0.28883778076909944	0.214
50	0	0.25
2

49.872626808715104	0.24984753148845068	0.246
50	0	0.25
2

49.8991299721993	0.19786053244758553	0.278
50	0	0.25
2

49.8991299721993	0.2753605324475855	0.182
50	0	0.25
2

49.89915932168151	0.24618407662111386	0.214
50	0	0.25
2

49.89920334590483	0.20241939288140634	0.246
50	0	0.25
2

49.89920334590483	0.2799193928814063	0.182
50	0	0.25
2

49.89923267270471	0.25074293703212663	0.214
50	0	0.25
2

49.89927666290453	0.20697825325820707	0.246
50	0	0.25
2

49.89927666290453	0.2844782532582071	0.182
50	0	0.25
2

49.89930596704064	0.2553017973861556	0.214
50	0	0.25
2

49.8993499232448	0.21153711357807842	0.246
50	0	0.25
2

49.8993499232448	0.28903711357807843	0.182
50	0	0.25
2

49.89937920473567	0.2598606576832914	0.214
50	0	0.25
2

49.89942312697199	0.2160959738411109	0.246
50	0	0.25
2

49.89942312697199	0.2935959738411109	0.182
50	0	0.25
2

49.89945238583616	0.2644195179236245	0.214
50	0	0.25
2

49.899496274132424	0.22065483404739492	0.246
50	0	0.25
2

49.899496274132424	0.29815483404739496	0.182
50	0	0.25
2

49.89952551038841	0.2689783781072453	0.214
50	0	0.25
2

49.89956936477238	0.22521369419702078	0.246
50	0	0.25
2

49.89956936477238	0.30271369419702077	0.182
50	0	0.25
2

49.89959857843868	0.27353723823424386	0.214
50	0	0.25
2

49.89964239893811	0.22977255429007848	0.246
50	0	0.25
2

49.89964239893811	0.3072725542900785	0.182
50	0	0.25
2

49.89967159003319	0.2780960983047103	0.214
50	0	0.25
2

49.89971537667581	0.23433141432665802	0.246
50	0	0.25
2

49.89971537667581	0.31183141432665806	0.182
50	0	0.25
2

49.899744545218134	0.28265495831873455	0.214
50	0	0.25
2

49.89978829803163	0.23889027430684923	0.246
50	0	0.25
2

49.89978829803163	0.31639027430684924	0.182
50	0	0.25
2

49.899817444039655	0.2872138182764062	0.214
50	0	0.25
2

49.899861163051696	0.24344913423074163	0.246
50	0	0.25
2

49.899861163051696	0.3209491342307417	0.182
50	0	0.25
2

49.89989028654385	0.291772678177815	0.214
50	0	0.25
2

49.89993397178209	0.24800799409842492	0.246
50	0	0.25
2

49.89999221876641	0.18965508199257147	0.278
50	0	0.25
2

49.89999221876641	0.2671550819925715	0.182
50	0	0.25
2

49.90002131974802	0.23797862591718377	0.214
50	0	0.25
2

49.90006497122044	0.1942139418041022	0.246
50	0	0.25
2

49.90006497122044	0.27171394180410224	0.182
50	0	0.25
2

49.90009404970993	0.24253748570628927	0.214
50	0	0.25
2

49.90013766744416	0.1987728015595698	0.246
50	0	0.25
2

49.90013766744416	0.2762728015595698	0.182
50	0	0.25
2

49.90016672345993	0.2470963454393672	0.214
50	0	0.25
2

49.90021030748359	0.20333166125906332	0.246
50	0	0.25
2

49.90021030748359	0.28083166125906334	0.182
50	0	0.25
2

49.900239341044035	0.25165520511650674	0.214
50	0	0.25
2

49.9002828913847	0.20789052090267188	0.246
50	0	0.25
2

49.9002828913847	0.2853905209026719	0.182
50	0	0.25
2

49.900311902508186	0.2562140647377969	0.214
50	0	0.25
2

49.90035541919342	0.21244938049048437	0.246
50	0	0.25
2

49.90035541919342	0.28994938049048435	0.182
50	0	0.25
2

49.90038440789831	0.2607729243033264	0.214
50	0	0.25
2

49.90042789095565	0.21700824002258945	0.246
50	0	0.25
2

49.90042789095565	0.29450824002258946	0.182
50	0	0.25
2

49.90045685726029	0.265331783813184	0.214
50	0	0.25
2

49.90050030671725	0.2215670994990758	0.246
50	0	0.25
2

49.90050030671725	0.29906709949907584	0.182
50	0	0.25
2

49.90052925063996	0.26989064326745826	0.214
50	0	0.25
2

49.90057266652403	0.22612595892003184	0.246
50	0	0.25
2

49.90057266652403	0.30362595892003186	0.182
50	0	0.25
2

49.90060158808312	0.27444950266623747	0.214
50	0	0.25
2

49.90064497042176	0.23068481828554585	0.246
50	0	0.25
2

49.90064497042176	0.3081848182855459	0.182
50	0	0.25
2

49.90067386963553	0.27900836200960993	0.214
50	0	0.25
2

49.900717218456194	0.235243677595706	0.246
50	0	0.25
2

49.900717218456194	0.312743677595706	0.182
50	0	0.25
2

49.900746095342924	0.2835672212976637	0.214
50	0	0.25
2

49.90078941067302	0.23980253685060027	0.246
50	0	0.25
2

49.90078941067302	0.3173025368506003	0.182
50	0	0.25
2

49.900818265250976	0.2881260805304868	0.214
50	0	0.25
2

49.900861547117906	0.24436139605031654	0.246
50	0	0.25
2

49.900861547117906	0.32186139605031655	0.182
50	0	0.25
2

49.900890379405325	0.29268493970816695	0.214
50	0	0.25
2

49.90093362783646	0.24892025519494254	0.246
50	0	0.25
2

49.9009912924113	0.19056734251064333	0.278
50	0	0.25
2

49.9009912924113	0.26806734251064335	0.182
50	0	0.25
2

49.901020102413455	0.23889088614647988	0.214
50	0	0.25
2

49.90106331741669	0.19512620160023467	0.246
50	0	0.25
2

49.90106331741669	0.27262620160023465	0.182
50	0	0.25
2

49.901092105151825	0.24344974521409232	0.214
50	0	0.25
2

49.90113528675453	0.19968506063487884	0.246
50	0	0.25
2

49.90113528675453	0.27718506063487885	0.182
50	0	0.25
2

49.901164052240865	0.24800860422679263	0.214
50	0	0.25
2

49.90120720047037	0.2042439196146633	0.246
50	0	0.25
2

49.90120720047037	0.2817439196146633	0.182
50	0	0.25
2

49.9012359437261	0.25256746318466805	0.214
50	0	0.25
2

49.9012790586097	0.20880277853967522	0.246
50	0	0.25
2

49.9012790586097	0.28630277853967523	0.182
50	0	0.25
2

49.90130777965303	0.2571263220878059	0.214
50	0	0.25
2

49.90135086121803	0.21336163741000186	0.246
50	0	0.25
2

49.90135086121803	0.29086163741000187	0.182
50	0	0.25
2

49.90137956006712	0.26168518093629317	0.214
50	0	0.25
2

49.901422608340766	0.21792049622573006	0.246
50	0	0.25
2

49.901422608340766	0.2954204962257301	0.182
50	0	0.25
2

49.90145128501379	0.2662440397302167	0.214
50	0	0.25
2

49.90149430002332	0.22247935498694665	0.246
50	0	0.25
2

49.90149430002332	0.29997935498694667	0.182
50	0	0.25
2

49.901522954538414	0.2708028984696633	0.214
50	0	0.25
2

49.90156593631105	0.22703821369373833	0.246
50	0	0.25
2

49.90156593631105	0.30453821369373835	0.182
50	0	0.25
2

49.90159456868634	0.27536175715471967	0.214
50	0	0.25
2

49.90163751724927	0.23159707234619167	0.246
50	0	0.25
2

49.90163751724927	0.30909707234619166	0.182
50	0	0.25
2

49.901666127502864	0.2799206157854722	0.214
50	0	0.25
2

49.901709042883255	0.23615593094439305	0.246
50	0	0.25
2

49.901709042883255	0.31365593094439304	0.182
50	0	0.25
2

49.90173763103326	0.2844794743620073	0.214
50	0	0.25
2

49.90178051325825	0.24071478948842873	0.246
50	0	0.25
2

49.90178051325825	0.31821478948842874	0.182
50	0	0.25
2

49.90180907932274	0.28903833288441116	0.214
50	0	0.25
2

49.90185192841946	0.24527364797838486	0.246
50	0	0.25
2

49.90185192841946	0.32277364797838487	0.182
50	0	0.25
2

49.901880472416494	0.2935971913527699	0.214
50	0	0.25
2

49.90192328841204	0.24983250641434743	0.246
50	0	0.25
2

49.90198037640611	0.19147959316311744	0.278
50	0	0.25
2

49.90198037640611	0.2689795931631175	0.182
50	0	0.25
2

49.90200889834091	0.23980313651592686	0.214
50	0	0.25
2

49.90205168124311	0.19603845154514088	0.246
50	0	0.25
2

49.90205168124311	0.2735384515451409	0.182
50	0	0.25
2

49.90208018113373	0.24436199487640892	0.214
50	0	0.25
2

49.902122930969654	0.20059730987331098	0.246
50	0	0.25
2

49.902122930969654	0.278097309873311	0.182
50	0	0.25
2

49.902151408834136	0.24892085318307197	0.214
50	0	0.25
2

49.90219412563086	0.20515616814771342	0.246
50	0	0.25
2

49.90219412563086	0.28265616814771344	0.182
50	0	0.25
2

49.90222258148722	0.25347971143600156	0.214
50	0	0.25
2

49.902265265271765	0.20971502636843373	0.246
50	0	0.25
2

49.902265265271765	0.28721502636843377	0.182
50	0	0.25
2

49.90229369913802	0.25803856963528315	0.214
50	0	0.25
2

49.9023363499374	0.21427388453555724	0.246
50	0	0.25
2

49.9023363499374	0.29177388453555725	0.182
50	0	0.25
2

49.902364761831535	0.26259742778100204	0.214
50	0	0.25
2

49.902407379672745	0.2188327426491692	0.246
50	0	0.25
2

49.902407379672745	0.2963327426491692	0.182
50	0	0.25
2

49.902435769612744	0.2671562858732434	0.214
50	0	0.25
2

49.90247835452274	0.2233916007093547	0.246
50	0	0.25
2

49.90247835452274	0.3008916007093547	0.182
50	0	0.25
2

49.90250672252656	0.27171514391209234	0.214
50	0	0.25
2

49.90254927453229	0.22795045871619876	0.246
50	0	0.25
2

49.90254927453229	0.3054504587161988	0.182
50	0	0.25
2

49.902577620617876	0.27627400189763374	0.214
50	0	0.25
2

49.902620139746254	0.23250931666978616	0.246
50	0	0.25
2

49.902620139746254	0.31000931666978615	0.182
50	0	0.25
2

49.90264846393154	0.2808328598299523	0.214
50	0	0.25
2

49.90269095020947	0.23706817457020155	0.246
50	0	0.25
2

49.90269095020947	0.3145681745702016	0.182
50	0	0.25
2

49.90271925251236	0.28539171770913274	0.214
50	0	0.25
2

49.902761705966704	0.2416270324175295	0.246
50	0	0.25
2

49.902761705966704	0.3191270324175295	0.182
50	0	0.25
2

49.90278998640511	0.28995057553525944	0.214
50	0	0.25
2

49.902832407062725	0.24618589021185439	0.246
50	0	0.25
2

49.90288896793954	0.18783297644731428	0.278
50	0	0.25
2

49.90288896793954	0.2653329764473143	0.182
50	0	0.25
2

49.902917226518625	0.23615651954386443	0.214
50	0	0.25
2

49.90295961438726	0.19239183418868963	0.246
50	0	0.25
2

49.90295961438726	0.26989183418868967	0.182
50	0	0.25
2

49.90298785112491	0.24071537726409367	0.214
50	0	0.25
2

49.9030302062314	0.19695069187719966	0.246
50	0	0.25
2

49.9030302062314	0.27445069187719967	0.182
50	0	0.25
2

49.9030584211455	0.24527423493149117	0.214
50	0	0.25
2

49.90310074351665	0.20150954951292843	0.246
50	0	0.25
2

49.90310074351665	0.27900954951292845	0.182
50	0	0.25
2

49.90312893662506	0.24983309254614103	0.214
50	0	0.25
2

49.90317122628767	0.20606840709595992	0.246
50	0	0.25
2

49.90317122628767	0.28356840709595993	0.182
50	0	0.25
2

49.90319939760822	0.2543919501081271	0.214
50	0	0.25
2

49.903241654589046	0.21062726462637787	0.246
50	0	0.25
2

49.903241654589046	0.2881272646263779	0.182
50	0	0.25
2

49.90326980413957	0.25895080761753314	0.214
50	0	0.25
2

49.90331202846535	0.21518612210426605	0.246
50	0	0.25
2

49.90331202846535	0.29268612210426603	0.182
50	0	0.25
2

49.90334015626366	0.2635096650744428	0.214
50	0	0.25
2

49.90338234796112	0.21974497952970792	0.246
50	0	0.25
2

49.90338234796112	0.29724497952970796	0.182
50	0	0.25
2

49.90341045402501	0.2680685224789396	0.214
50	0	0.25
2

49.903452613120834	0.224303836902787	0.246
50	0	0.25
2

49.903452613120834	0.301803836902787	0.182
50	0	0.25
2

49.90348069746808	0.2726273798311068	0.214
50	0	0.25
2

49.90352282398896	0.22886269422358646	0.246
50	0	0.25
2

49.90352282398896	0.3063626942235865	0.182
50	0	0.25
2

49.90355088663733	0.2771862371310277	0.214
50	0	0.25
2

49.9035929806099	0.23342155149218946	0.246
50	0	0.25
2

49.9035929806099	0.3109215514921895	0.182
50	0	0.25
2

49.90362102157716	0.28174509437878525	0.214
50	0	0.25
2

49.90366308302804	0.23798040870867895	0.246
50	0	0.25
2

49.90366308302804	0.315480408708679	0.182
50	0	0.25
2

49.90369110233191	0.28630395157446253	0.214
50	0	0.25
2

49.903733131287716	0.24253926587313784	0.246
50	0	0.25
2

49.903733131287716	0.32003926587313786	0.182
50	0	0.25
2

49.90376112894592	0.29086280871814224	0.214
50	0	0.25
2

49.90380312543323	0.24709812298564882	0.246
50	0	0.25
2

49.90385912074964	0.18874520867565758	0.278
50	0	0.25
2

49.90385912074964	0.2662452086756576	0.182
50	0	0.25
2

49.90388709676729	0.2370687514999038	0.214
50	0	0.25
2

49.90392906079378	0.1933040657362731	0.246
50	0	0.25
2

49.90392906079378	0.27080406573627314	0.182
50	0	0.25
2

49.903957015188595	0.24162760853979418	0.214
50	0	0.25
2

49.903998946780824	0.19786292274507572	0.246
50	0	0.25
2

49.903998946780824	0.27536292274507573	0.182
50	0	0.25
2

49.9040268795705	0.24618646552790455	0.214
50	0	0.25
2

49.90406877875501	0.20242177970214778	0.246
50	0	0.25
2

49.90406877875501	0.2799217797021478	0.182
50	0	0.25
2

49.90409668995722	0.25074532246431736	0.214
50	0	0.25
2

49.904138556760536	0.20698063660757163	0.246
50	0	0.25
2

49.904138556760536	0.2844806366075716	0.182
50	0	0.25
2

49.90416644639295	0.2553041793491147	0.214
50	0	0.25
2

49.904208280841566	0.2115394934614293	0.246
50	0	0.25
2

49.904208280841566	0.2890394934614293	0.182
50	0	0.25
2

49.904236148921825	0.25986303618237877	0.214
50	0	0.25
2

49.90427795104221	0.21609835026380292	0.246
50	0	0.25
2

49.90427795104221	0.29359835026380293	0.182
50	0	0.25
2

49.90430579758795	0.2644218929641915	0.214
50	0	0.25
2

49.90434756740657	0.22065720701477434	0.246
50	0	0.25
2

49.90434756740657	0.29815720701477433	0.182
50	0	0.25
2

49.90437539243541	0.2689807496946347	0.214
50	0	0.25
2

49.904417129978675	0.22521606371442526	0.246
50	0	0.25
2

49.904417129978675	0.3027160637144253	0.182
50	0	0.25
2

49.90444493350822	0.2735396063737901	0.214
50	0	0.25
2

49.904486638802545	0.22977492036283734	0.246
50	0	0.25
2

49.904486638802545	0.3072749203628373	0.182
50	0	0.25
2

49.90451442085038	0.2780984630017392	0.214
50	0	0.25
2

49.90455609392214	0.23433377696009197	0.246
50	0	0.25
2

49.90455609392214	0.31183377696009196	0.182
50	0	0.25
2

49.904583854505844	0.28265731957856344	0.214
50	0	0.25
2

49.9046254953814	0.2388926335062706	0.246
50	0	0.25
2

49.9046254953814	0.3163926335062706	0.182
50	0	0.25
2

49.90465323451853	0.28721617610434413	0.214
50	0	0.25
2

49.90469484322421	0.24345149000145438	0.246
50	0	0.25
2

49.90469484322421	0.3209514900014544	0.182
50	0	0.25
2

49.904722560932306	0.29177503257916243	0.214
50	0	0.25
2

49.904764137494446	0.24801034644572445	0.246
50	0	0.25
2

49.904819572910625	0.18965743160114046	0.278
50	0	0.25
2

49.904819572910625	0.26715743160114047	0.182
50	0	0.25
2

49.90484726919475	0.23798097415850353	0.214
50	0	0.25
2

49.90488881362093	0.1942162879945481	0.246
50	0	0.25
2

49.90488881362093	0.2717162879945481	0.182
50	0	0.25
2

49.904916488498614	0.24253983053159855	0.214
50	0	0.25
2

49.90495800081514	0.19877514433717425	0.246
50	0	0.25
2

49.90495800081514	0.27627514433717426	0.182
50	0	0.25
2

49.90498565430391	0.24709868685394443	0.214
50	0	0.25
2

49.90502713453706	0.20333400062909968	0.246
50	0	0.25
2

49.90502713453706	0.2808340006290997	0.182
50	0	0.25
2

49.90505476665441	0.25165754312562183	0.214
50	0	0.25
2

49.90509621483044	0.20789285687040504	0.246
50	0	0.25
2

49.90509621483044	0.28539285687040505	0.182
50	0	0.25
2

49.90512382559386	0.25621639934671137	0.214
50	0	0.25
2

49.90516524173899	0.21245171306117083	0.246
50	0	0.25
2

49.90516524173899	0.28995171306117085	0.182
50	0	0.25
2

49.905192831165955	0.26077525551729347	0.214
50	0	0.25
2

49.9052342153064	0.2170105692014774	0.246
50	0	0.25
2

49.9052342153064	0.29451056920147745	0.182
50	0	0.25
2

49.90526178341437	0.26533411163744847	0.214
50	0	0.25
2

49.90530313557631	0.22156942529140503	0.246
50	0	0.25
2

49.90530313557631	0.299069425291405	0.182
50	0	0.25
2

49.90533068238272	0.2698929677072565	0.214
50	0	0.25
2

49.90537200259233	0.22612828133103377	0.246
50	0	0.25
2

49.90537200259233	0.3036282813310338	0.182
50	0	0.25
2

49.90539952811461	0.2744518237267978	0.214
50	0	0.25
2

49.90544081639802	0.2306871373204437	0.246
50	0	0.25
2

49.90544081639802	0.3081871373204437	0.182
50	0	0.25
2

49.905468320653576	0.2790106796961521	0.214
50	0	0.25
2

49.90550957703691	0.23524599325971465	0.246
50	0	0.25
2

49.90550957703691	0.31274599325971464	0.182
50	0	0.25
2

49.905537060043144	0.28356953561539927	0.214
50	0	0.25
2

49.9055782845525	0.23980484914892625	0.246
50	0	0.25
2

49.9055782845525	0.31730484914892626	0.182
50	0	0.25
2

49.90560574632679	0.28812839148461905	0.214
50	0	0.25
2

49.90564693898823	0.2443637049881582	0.246
50	0	0.25
2

49.90564693898823	0.3218637049881582	0.182
50	0	0.25
2

49.905674379547946	0.2926872473038909	0.214
50	0	0.25
2

49.905715540387526	0.24892256077748992	0.246
50	0	0.25
2

49.90577042150696	0.19056964540895527	0.278
50	0	0.25
2

49.90577042150696	0.2680696454089553	0.182
50	0	0.25
2

49.90579784085712	0.23889318770474802	0.214
50	0	0.25
2

49.90583896988236	0.1951285011484371	0.246
50	0	0.25
2

49.90583896988236	0.2726285011484371	0.182
50	0	0.25
2

49.905866368040314	0.2434520434243216	0.214
50	0	0.25
2

49.90590746527725	0.19968735683814834	0.246
50	0	0.25
2

49.90590746527725	0.2771873568381483	0.182
50	0	0.25
2

49.90593484226035	0.24801089909415625	0.214
50	0	0.25
2

49.905975907735	0.20424621247816813	0.246
50	0	0.25
2

49.905975907735	0.2817462124781681	0.182
50	0	0.25
2

49.906003263560564	0.2525697547143311	0.214
50	0	0.25
2

49.90604429729891	0.20880506806857552	0.246
50	0	0.25
2

49.90604429729891	0.28630506806857553	0.182
50	0	0.25
2

49.906071631984254	0.25712861028492506	0.214
50	0	0.25
2

49.906112634012274	0.2133639236094494	0.246
50	0	0.25
2

49.906112634012274	0.2908639236094494	0.182
50	0	0.25
2

49.906139947574694	0.2616874658060171	0.214
50	0	0.25
2

49.90618091791833	0.2179227791008686	0.246
50	0	0.25
2

49.90618091791833	0.2954227791008686	0.182
50	0	0.25
2

49.906208210375105	0.2662463212776859	0.214
50	0	0.25
2

49.90624914906027	0.22248163454291175	0.246
50	0	0.25
2

49.90624914906027	0.29998163454291177	0.182
50	0	0.25
2

49.906276420428675	0.27080517670001	0.214
50	0	0.25
2

49.90631732748128	0.2270404899356573	0.246
50	0	0.25
2

49.90631732748128	0.3045404899356573	0.182
50	0	0.25
2

49.90634457777857	0.27536403207306787	0.214
50	0	0.25
2

49.906385453224495	0.2315993452791837	0.246
50	0	0.25
2

49.906385453224495	0.3090993452791837	0.182
50	0	0.25
2

49.906412682467895	0.2799228873969379	0.214
50	0	0.25
2

49.906453526332996	0.23615820057356918	0.246
50	0	0.25
2

49.906453526332996	0.3136582005735692	0.182
50	0	0.25
2

49.906480734539734	0.2844817426716983	0.214
50	0	0.25
2

49.90652154684984	0.2407170558188919	0.246
50	0	0.25
2

49.90652154684984	0.3182170558188919	0.182
50	0	0.25
2

49.90654873403712	0.2890405978974271	0.214
50	0	0.25
2

49.906589514818045	0.24527591101522986	0.246
50	0	0.25
2

49.906589514818045	0.32277591101522984	0.182
50	0	0.25
2

49.906616681003065	0.29359945307420227	0.214
50	0	0.25
2

49.906657430280596	0.2498347661626609	0.246
50	0	0.25
2

49.90671176265064	0.19148185028060577	0.278
50	0	0.25
2

49.90671176265064	0.2689818502806058	0.182
50	0	0.25
2

49.90673890783836	0.2398053923200352	0.214
50	0	0.25
2

49.90677962561995	0.1960407053791793	0.246
50	0	0.25
2

49.90677962561995	0.2735407053791793	0.182
50	0	0.25
2

49.90680674982756	0.2443642473990968	0.214
50	0	0.25
2

49.906847436138975	0.200599560428973	0.246
50	0	0.25
2

49.906847436138975	0.278099560428973	0.182
50	0	0.25
2

49.906874539383644	0.24892310242940957	0.214
50	0	0.25
2

49.906915194250644	0.20515841543006444	0.246
50	0	0.25
2

49.906915194250644	0.2826584154300644	0.182
50	0	0.25
2

49.90694227654952	0.2534819574110511	0.214
50	0	0.25
2

49.906982899997836	0.20971727038253113	0.246
50	0	0.25
2

49.906982899997836	0.28721727038253114	0.182
50	0	0.25
2

49.907009961368054	0.2580408123440988	0.214
50	0	0.25
2

49.90705055342339	0.21427612528645035	0.246
50	0	0.25
2

49.90705055342339	0.29177612528645036	0.182
50	0	0.25
2

49.90707759388208	0.26259966722863	0.214
50	0	0.25
2

49.90711815457012	0.21883498014189937	0.246
50	0	0.25
2

49.90711815457012	0.2963349801418994	0.182
50	0	0.25
2

49.90714517413439	0.26715852206472174	0.214
50	0	0.25
2

49.9071857034808	0.22339383494895523	0.246
50	0	0.25
2

49.9071857034808	0.3008938349489553	0.182
50	0	0.25
2

49.90721270216775	0.2717173768524511	0.214
50	0	0.25
2

49.90725320019817	0.2279526897076949	0.246
50	0	0.25
2

49.90725320019817	0.3054526897076949	0.182
50	0	0.25
2

49.90728017802487	0.276276231591895	0.214
50	0	0.25
2

49.90732064476492	0.23251154441819516	0.246
50	0	0.25
2

49.90732064476492	0.3100115444181952	0.182
50	0	0.25
2

49.90734760174844	0.2808350862831302	0.214
50	0	0.25
2

49.90738803722372	0.23707039908053273	0.246
50	0	0.25
2

49.90738803722372	0.31457039908053275	0.182
50	0	0.25
2

49.90741497338111	0.2853939409262333	0.214
50	0	0.25
2

49.90745537761719	0.24162925369478422	0.246
50	0	0.25
2

49.90745537761719	0.31912925369478423	0.182
50	0	0.25
2

49.90748229296548	0.28995279552128095	0.214
50	0	0.25
2

49.90752266598792	0.24618810826102605	0.246
50	0	0.25
2

49.9075764966845	0.1878351919140195	0.278
50	0	0.25
2

49.9075764966845	0.26533519191401955	0.182
50	0	0.25
2

49.90760339122861	0.2361587337213318	0.214
50	0	0.25
2

49.907643733044786	0.19239404643230018	0.246
50	0	0.25
2

49.907643733044786	0.2698940464323002	0.182
50	0	0.25
2

49.90767060680175	0.2407175882204585	0.214
50	0	0.25
2

49.9077109174372	0.1969529009026959	0.246
50	0	0.25
2

49.9077109174372	0.2744529009026959	0.182
50	0	0.25
2

49.90773777042402	0.2452764426717307	0.214
50	0	0.25
2

49.90777804990426	0.20151175532528287	0.246
50	0	0.25
2

49.90777804990426	0.2790117553252829	0.182
50	0	0.25
2

49.90780488213794	0.2498352970752246	0.214
50	0	0.25
2

49.90784513048846	0.20607060970013713	0.246
50	0	0.25
2

49.90784513048846	0.28357060970013714	0.182
50	0	0.25
2

49.90787194198598	0.2543941514310161	0.214
50	0	0.25
2

49.90791215923226	0.2106294640273346	0.246
50	0	0.25
2

49.90791215923226	0.28812946402733464	0.182
50	0	0.25
2

49.90793895001058	0.25895300573918123	0.214
50	0	0.25
2

49.90797913617807	0.21518831830695112	0.246
50	0	0.25
2

49.90797913617807	0.29268831830695113	0.182
50	0	0.25
2

49.908005906254154	0.2635118599997956	0.214
50	0	0.25
2

49.908046061368275	0.21974717253906229	0.246
50	0	0.25
2

49.908046061368275	0.2972471725390623	0.182
50	0	0.25
2

49.90807281075905	0.2680707142129348	0.214
50	0	0.25
2

49.908112934845214	0.2243060267237436	0.246
50	0	0.25
2

49.908112934845214	0.3018060267237436	0.182
50	0	0.25
2

49.90813966356761	0.2726295683786744	0.214
50	0	0.25
2

49.9081797566512	0.2288648808610706	0.246
50	0	0.25
2

49.9081797566512	0.3063648808610706	0.182
50	0	0.25
2

49.90820646472212	0.2771884224970898	0.214
50	0	0.25
2

49.9082465268285	0.23342373495111857	0.246
50	0	0.25
2

49.9082465268285	0.3109237349511186	0.182
50	0	0.25
2

49.90827321426484	0.2817472765682562	0.214
50	0	0.25
2

49.90831324541935	0.23798258899396263	0.246
50	0	0.25
2

49.90831324541935	0.31548258899396264	0.182
50	0	0.25
2

49.90833991223799	0.28630613059224874	0.214
50	0	0.25
2

49.90837991246595	0.24254144298967786	0.246
50	0	0.25
2

49.90837991246595	0.32004144298967785	0.182
50	0	0.25
2

49.90840655868376	0.2908649845691424	0.214
50	0	0.25
2

49.908446528010465	0.24710029693833915	0.246
50	0	0.25
2

49.908499820446075	0.18874738009726816	0.278
50	0	0.25
2

49.908499820446075	0.26624738009726817	0.182
50	0	0.25
2

49.90852644606792	0.23707092165793012	0.214
50	0	0.25
2

49.90856638450067	0.19330623399892302	0.246
50	0	0.25
2

49.90856638450067	0.270806233998923	0.182
50	0	0.25
2

49.9085929895434	0.24162977554081227	0.214
50	0	0.25
2

49.908632897107495	0.1978650878536462	0.246
50	0	0.25
2

49.908632897107495	0.2753650878536462	0.182
50	0	0.25
2

49.908659481587954	0.2461886293767927	0.214
50	0	0.25
2

49.908699358308645	0.2024239416615124	0.246
50	0	0.25
2

49.908699358308645	0.2799239416615124	0.182
50	0	0.25
2

49.90872592224366	0.25074748316594586	0.214
50	0	0.25
2

49.90876576814618	0.20698279542259607	0.246
50	0	0.25
2

49.90876576814618	0.2844827954225961	0.182
50	0	0.25
2

49.90879231155257	0.2553063369083463	0.214
50	0	0.25
2

49.90883212666214	0.21154164913697168	0.246
50	0	0.25
2

49.90883212666214	0.2890416491369717	0.182
50	0	0.25
2

49.90885864955669	0.25986519060406843	0.214
50	0	0.25
2

49.908898433898514	0.21610050280471352	0.246
50	0	0.25
2

49.908898433898514	0.2936005028047135	0.182
50	0	0.25
2

49.90892493629801	0.2644240442531864	0.214
50	0	0.25
2

49.90896468989725	0.22065935642589568	0.246
50	0	0.25
2

49.90896468989725	0.2981593564258957	0.182
50	0	0.25
2

49.908991171818464	0.26898289785577434	0.214
50	0	0.25
2

49.90903089470028	0.22521821000059228	0.246
50	0	0.25
2

49.90903089470028	0.3027182100005923	0.182
50	0	0.25
2

49.909057356159956	0.2735417514119063	0.214
50	0	0.25
2

49.90909704834947	0.22977706352887722	0.246
50	0	0.25
2

49.90909704834947	0.30727706352887724	0.182
50	0	0.25
2

49.90912348936436	0.27810060492165606	0.214
50	0	0.25
2

49.90916315088669	0.2343359170108243	0.246
50	0	0.25
2

49.90916315088669	0.3118359170108243	0.182
50	0	0.25
2

49.90918957147351	0.28265945838509743	0.214
50	0	0.25
2

49.90922920235374	0.23889477044650714	0.246
50	0	0.25
2

49.90922920235374	0.31639477044650716	0.182
50	0	0.25
2

49.90925560252921	0.28721831180230406	0.214
50	0	0.25
2

49.9092952027924	0.2434536238359994	0.246
50	0	0.25
2

49.9092952027924	0.3209536238359994	0.182
50	0	0.25
2

49.9093215825732	0.2917771651733494	0.214
50	0	0.25
2

49.9093611522444	0.24801247717937439	0.246
50	0	0.25
2

49.909413911806	0.18965955985407437	0.278
50	0	0.25
2

49.909413911806	0.26715955985407436	0.182
50	0	0.25
2

49.90944027119696	0.2379831011729961	0.214
50	0	0.25
2

49.90947981028339	0.19421841315137867	0.246
50	0	0.25
2

49.90947981028339	0.2717184131513787	0.182
50	0	0.25
2

49.9095061493012	0.24254195445190146	0.214
50	0	0.25
2

49.90954565782791	0.19877726640268562	0.246
50	0	0.25
2

49.90954565782791	0.27627726640268563	0.182
50	0	0.25
2

49.90957197648924	0.24710080768483872	0.214
50	0	0.25
2

49.90961145448122	0.20333611960806833	0.246
50	0	0.25
2

49.90961145448122	0.2808361196080683	0.182
50	0	0.25
2

49.90963775280272	0.2516596608718809	0.214
50	0	0.25
2

49.909677200284975	0.20789497276759983	0.246
50	0	0.25
2

49.909677200284975	0.28539497276759984	0.182
50	0	0.25
2

49.90970347828329	0.25621851401310114	0.214
50	0	0.25
2

49.90974289528077	0.2124538258813531	0.246
50	0	0.25
2

49.90974289528077	0.2899538258813531	0.182
50	0	0.25
2

49.90976915297254	0.26077736710857224	0.214
50	0	0.25
2

49.90980853951019	0.2170126789494009	0.246
50	0	0.25
2

49.90980853951019	0.2945126789494009	0.182
50	0	0.25
2

49.909834776912014	0.26533622015836694	0.214
50	0	0.25
2

49.90987413301475	0.22157153197181595	0.246
50	0	0.25
